in_sig=[1500.00
1545.00
1553.00
1556.00
1563.00
1570.00
1615.00
1595.00
1620.00
1638.00
1640.00
1644.00
1654.00
1663.00
1668.00
1717.00
1765.00
1800.00
1803.00
1820.00
1873.00
1895.00
1914.00
1938.00
1932.00
1879.00
1857.00
1912.00
1960.00
2017.00
2073.00
2122.00
2076.00
2022.00
2057.00
2074.00
2060.00
2000.00
1940.00
1901.00
1856.00
1801.00
1747.00
1696.00
1712.00
1713.00
1714.00
1764.00
1808.00
1771.00
1808.00
1845.00
1690.00
1706.00
1746.00
1754.00
1708.00
1693.00
1707.00
1726.00
1738.00
1785.00
1734.00
1686.00
1683.00
1718.00
1673.00
1673.00
1395.00
1395.00
1395.00
1394.00
1392.00
1376.00
1372.00
1362.00
1362.00
1374.00
1375.00
1375.00
1376.00
1379.00
1380.00
1382.00
1422.00
1428.00
1462.00
1464.00
1465.00
1467.00
1467.00
1469.00
1470.00
1472.00
1473.00
1474.00
1518.00
1563.00
1609.00
1657.00
1706.00
1709.00
1760.00
1729.00
1679.00
1632.00
1591.00
1616.00
1610.00
1613.00
1609.00
1583.00
1546.00
1513.00
1520.00
1519.00
1503.00
1482.00
1481.00
1501.00
1504.00
1517.00
1526.00
1529.00
1541.00
1535.00
1511.00
1510.00
1510.00
1486.00
1476.00
1475.00
1446.00
1446.00
1442.00
1440.00
1426.00
1426.00
1428.00
1426.00
1423.00
1419.00
1417.00
1394.00
1383.00
1378.00
1382.00
1401.00
1433.00
1518.00
1555.00
1590.00
2182.00
2171.00
2170.00
2169.00
2166.00
2165.00
2164.00
2164.00
2164.00
2163.00
2162.00
2098.00
2036.00
1975.00
1916.00
1859.00
1854.00
1820.00
1822.00
1872.00
1884.00
1881.00
1826.00
1777.00
1809.00
1790.00
1765.00
1763.00
1783.00
1781.00
1760.00
1753.00
1749.00
1748.00
1738.00
1749.00
1781.00
1813.00
1844.00
1899.00
1911.00
1857.00
1880.00
1935.00
1969.00
1938.00
1937.00
1883.00
1947.00
1991.00
2055.00
1986.00
1966.00
1919.00
1855.00
1836.00
1774.00
1780.00
1765.00
1757.00
1767.00
1787.00
1799.00
1778.00
1775.00
1770.00
1766.00
1760.00
1750.00
1740.00
1740.00
1740.00
1740.00
1740.00
1740.00
1734.00
1674.00
1656.00
1651.00
1649.00
1649.00
1645.00
1648.00
1648.00
1639.00
1629.00
1632.00
1637.00
1686.00
1690.00
1686.00
1678.00
1672.00
1645.00
1629.00
1634.00
1639.00
1659.00
1682.00
1707.00
1756.00
1817.00
1821.00
1803.00
1914.00
1862.00
1854.00
1856.00
1864.00
1905.00
1909.00
1916.00
1934.00
1995.00
2053.00
2071.00
2127.00
2200.00
2274.00
2330.00
2259.00
2302.00
2224.00
2175.00
1927.00
1909.00
1928.00
1949.00
1955.00
1961.00
2026.00
2005.00
2013.00
2017.00
2023.00
2018.00
2006.00
2009.00
2002.00
1987.00
1989.00
2055.00
2062.00
2069.00
2065.00
2058.00
2036.00
1988.00
1984.00
1984.00
1981.00
1990.00
1992.00
1993.00
1986.00
1984.00
1978.00
1949.00
1958.00
1944.00
1959.00
1982.00
1991.00
2002.00
2004.00
2009.00
2054.00
2134.00
2125.00
2160.00
2148.00
2154.00
2199.00
2247.00
2226.00
2201.00
2193.00
2192.00
2187.00
2179.00
2166.00
2166.00
2168.00
2180.00
2207.00
2281.00
2297.00
2290.00
2329.00
2418.00
2413.00
2332.00
2284.00
2290.00
2294.00
2298.00
2317.00
2404.00
2382.00
2360.00
2356.00
2351.00
2349.00
2337.00
2326.00
2326.00
2330.00
2329.00
2325.00
2320.00
2408.00
2499.00
2417.00
2418.00
2379.00
2296.00
2358.00
2367.00
2374.00
2354.00
2353.00
2389.00
2372.00
2357.00
2344.00
2341.00
2345.00
2335.00
2326.00
2333.00
2338.00
2349.00
2339.00
2347.00
2348.00
2349.00
2345.00
2357.00
2434.00
2452.00
2533.00
2623.00
2671.00
2660.00
2706.00
2806.00
2762.00
2699.00
2691.00
2699.00
2697.00
2759.00
2755.00
2758.00
2757.00
2755.00
2754.00
2752.00
2745.00
2749.00
2670.00
2714.00
2655.00
2650.00
2659.00
2644.00
2638.00
2628.00
2629.00
2631.00
2656.00
2719.00
2772.00
2774.00
2832.00
2800.00
2883.00
2869.00
2869.00
2877.00
2876.00
2877.00
2894.00
2920.00
2926.00
2938.00
3026.00
3051.00
3053.00
3043.00
3147.00
3217.00
3173.00
3181.00
3175.00
3172.00
3170.00
3184.00
3213.00
3226.00
3225.00
3259.00
3218.00
3178.00
3162.00
3156.00
3143.00
3123.00
3090.00
3181.00
3201.00
3201.00
3198.00
3294.00
3285.00
3272.00
3296.00
3295.00
3401.00
3484.00
3613.00
3737.00
3747.00
3740.00
3739.00
3708.00
3704.00
3818.00
3888.00
3875.00
3893.00
3893.00
3906.00
4048.00
4181.00
4168.00
4132.00
4124.00
4112.00
4109.00
4159.00
4230.00
4250.00
4283.00
4117.00
4093.00
3930.00
3898.00
3760.00
3311.00
3296.00
3232.00
3201.00
3199.00
3216.00
3249.00
3270.00
3271.00
3270.00
3170.00
3066.00
2987.00
3044.00
3073.00
3085.00
3101.00
3110.00
3116.00
3115.00
3109.00
3110.00
3104.00
3099.00
3100.00
3101.00
3100.00
3101.00
3101.00
3101.00
3092.00
3046.00
3041.00
3051.00
3054.00
3067.00
3067.00
3067.00
3063.00
3057.00
3047.00
3043.00
3039.00
3034.00
3031.00
3028.00
3022.00
3021.00
3038.00
3048.00
3163.00
3182.00
3176.00
3156.00
3148.00
3148.00
3151.00
3149.00
3139.00
3132.00
3125.00
3116.00
3110.00
3084.00
3077.00
3074.00
3071.00
3083.00
3103.00
3101.00
3096.00
3104.00
3108.00
3112.00
3122.00
3132.00
3252.00
3307.00
3300.00
3318.00
3382.00
3417.00
3430.00
3500.00
3484.00
3446.00
3443.00
3436.00
3433.00
3467.00
3477.00
3475.00
3464.00
3463.00
3463.00
3460.00
3456.00
3458.00
3507.00
3633.00
3638.00
3626.00
3623.00
3630.00
3637.00
3627.00
3577.00
3571.00
3570.00
3575.00
3567.00
3543.00
3500.00
3498.00
3496.00
3490.00
3485.00
3481.00
3478.00
3479.00
3473.00
3448.00
3410.00
3407.00
3407.00
3405.00
3404.00
3403.00
3394.00
3391.00
3375.00
3327.00
3244.00
3233.00
3107.00
3149.00
3163.00
3201.00
3199.00
3209.00
3217.00
3208.00
3206.00
3204.00
3203.00
3201.00
3188.00
3183.00
3182.00
3177.00
3159.00
3154.00
3150.00
3142.00
3132.00
3124.00
3126.00
3124.00
3121.00
3117.00
3120.00
3122.00
3122.00
3137.00
3148.00
3181.00
3191.00
3247.00
3246.00
3244.00
3240.00
3233.00
3225.00
3235.00
3252.00
3260.00
3261.00
3262.00
3259.00
3249.00
3241.00
3232.00
3220.00
3207.00
3197.00
3177.00
3157.00
3155.00
3166.00
3175.00
3189.00
3192.00
3188.00
3184.00
3172.00
3171.00
3154.00
3148.00
3125.00
3119.00
3119.00
3110.00
3109.00
3108.00
3107.00
3138.00
3164.00
3285.00
3366.00
3364.00
3350.00
3261.00
3258.00
3241.00
3237.00
3238.00
3227.00
3223.00
3221.00
3218.00
3229.00
3227.00
3227.00
3234.00
3239.00
3238.00
3192.00
3193.00
3152.00
2704.00
2679.00
2652.00
2634.00
2618.00
2608.00
2593.00
2586.00
2583.00
2576.00
2551.00
2548.00
2550.00
2551.00
2553.00
2554.00
2552.00
2550.00
2548.00
2532.00
2507.00
2482.00
2464.00
2437.00
2434.00
2430.00
2423.00
2418.00
2414.00
2412.00
2406.00
2400.00
2394.00
2372.00
2352.00
2335.00
2322.00
2309.00
2309.00
2308.00
2308.00
2308.00
2307.00
2305.00
2303.00
2275.00
2267.00
2260.00
2258.00
2256.00
2256.00
2256.00
2233.00
2210.00
2209.00
2208.00
2205.00
2198.00
2195.00
2194.00
2193.00
2192.00
2191.00
2187.00
2180.00
2177.00
2172.00
2188.00
2275.00
2280.00
2272.00
2264.00
2250.00
2239.00
2225.00
2222.00
2218.00
2217.00
2215.00
2214.00
2212.00
2210.00
2288.00
2379.00
2472.00
2417.00
2382.00
2392.00
2380.00
2356.00
2341.00
2331.00
2326.00
2323.00
2281.00
2215.00
2195.00
2202.00
2198.00
2183.00
2173.00
2161.00
2166.00
2178.00
2265.00
2330.00
2415.00
2394.00
2377.00
2337.00
2303.00
2289.00
2286.00
2285.00
2279.00
2260.00
2239.00
2265.00
2270.00
2269.00
2269.00
2269.00
2269.00
2270.00
2270.00
2273.00
2264.00
2261.00
2244.00
2225.00
2221.00
2219.00
2224.00
2227.00
2224.00
2219.00
2219.00
2244.00
2253.00
2254.00
2254.00
2255.00
2255.00
2265.00
2267.00
2268.00
2270.00
2537.00
2557.00
2507.00
2441.00
2433.00
2428.00
2409.00
2394.00
2353.00
2343.00
2391.00
